(34,135.55882352941177)
(4,143.5)
(150,140.19333333333333)
(180,135.92777777777778)
(134,141.26119402985074)
(130,142.1846153846154)
(66,147.37878787878788)
(80,147.4875)
(138,141.4927536231884)
(170,136.28823529411764)
(104,144.3846153846154)
(14,124.5)
(24,127.83333333333333)
(152,140.35526315789474)
(146,141.06849315068493)
(140,142.3)
(202,133.37128712871288)
(204,133.2107843137255)
(74,147.90540540540542)
(90,147.82222222222222)
(18,123.66666666666667)
(12,132.0)
(38,137.81578947368422)
(20,125.8)
(94,146.38297872340425)
(162,137.0679012345679)
(192,134.25520833333334)
(100,145.62)
(160,137.55)
(112,143.32142857142858)
(120,144.78991596638656)
(184,134.67934782608697)
(22,128.45454545454547)
(200,133.03)
(166,136.97590361445782)
(46,140.2608695652174)
(142,141.8732394366197)
(194,134.29381443298968)
(62,147.79032258064515)
(172,135.6918604651163)
(126,143.16666666666666)
(118,144.61016949152543)
(40,137.275)
(186,135.00537634408602)
(6,129.33333333333334)
(190,136.06914893617022)
(86,149.13953488372093)
(58,145.17241379310346)
(136,141.19117647058823)
(114,143.21929824561403)
(60,146.76666666666668)
(198,133.13636363636363)
(176,136.38636363636363)
(26,126.61538461538461)
(196,133.87755102040816)
(168,136.8154761904762)
(2,96.0)
(96,148.23958333333334)
(52,140.05769230769232)
(16,121.25)
(82,148.29268292682926)
(156,139.01923076923077)
(158,138.12025316455697)
(28,129.92857142857142)
(54,141.59259259259258)
(98,146.8673469387755)
(30,131.5)
(50,137.76)
(36,135.27777777777777)
(92,146.67391304347825)
(64,147.859375)
(110,143.98181818181817)
(188,134.7712765957447)
(154,139.41558441558442)
(106,144.18867924528303)
(132,141.04545454545453)
(72,147.01388888888889)
(70,149.17142857142858)
(108,143.66666666666666)
(78,146.35897435897436)
(144,140.92361111111111)
(178,136.47752808988764)
(10,139.6)
(148,140.6216216216216)
(84,148.85714285714286)
(122,144.01639344262296)
(56,143.67857142857142)
(76,145.77631578947367)
(182,135.75555555555556)
(116,144.69827586206895)
(48,139.375)
(128,142.375)
(32,139.375)
(42,137.0952380952381)
(102,144.30392156862746)
(124,143.23387096774192)
(164,136.6768292682927)
(206,134.1219512195122)
(8,132.0)
(174,136.132183908046)
(44,139.8409090909091)
(88,149.22727272727272)
(68,147.69117647058823)
(19,123.78947368421052)
(151,140.4437086092715)
(39,137.46153846153845)
(101,145.32673267326732)
(129,141.80620155038758)
(71,147.77464788732394)
(153,139.90196078431373)
(193,134.31088082901553)
(105,143.64761904761906)
(125,143.032)
(171,136.05847953216374)
(65,148.56923076923076)
(157,138.63057324840764)
(11,139.63636363636363)
(35,133.25714285714287)
(111,143.40540540540542)
(175,136.83428571428573)
(37,140.21621621621622)
(185,135.01081081081082)
(195,138.92972972972973)
(201,133.51243781094527)
(1,99.0)
(89,148.5056179775281)
(63,146.5079365079365)
(17,120.05882352941177)
(203,133.0886699507389)
(103,144.5242718446602)
(199,133.41206030150755)
(99,146.75757575757575)
(145,141.15172413793104)
(41,137.41463414634146)
(21,122.66666666666667)
(139,141.2158273381295)
(77,146.7922077922078)
(169,136.4378698224852)
(53,141.47169811320754)
(25,126.68)
(131,141.6946564885496)
(59,145.91525423728814)
(93,146.80645161290323)
(33,138.3030303030303)
(113,142.83185840707964)
(23,126.95652173913044)
(67,146.86567164179104)
(69,149.231884057971)
(3,134.33333333333334)
(135,141.45925925925926)
(85,148.9294117647059)
(165,137.06666666666666)
(123,144.7704918032787)
(91,147.12087912087912)
(31,136.41935483870967)
(87,148.45977011494253)
(197,134.08673469387756)
(5,140.0)
(177,136.31073446327684)
(13,124.76923076923077)
(119,144.0252100840336)
(189,135.4973544973545)
(137,140.93430656934308)
(81,147.09876543209876)
(55,141.01818181818183)
(29,127.89655172413794)
(79,146.78481012658227)
(121,143.2479338842975)
(107,144.54205607476635)
(127,142.89763779527559)
(191,136.07978723404256)
(161,137.1552795031056)
(179,136.19553072625698)
(57,143.2280701754386)
(51,139.47058823529412)
(149,140.51677852348993)
(75,147.10666666666665)
(133,141.2781954887218)
(205,133.41463414634146)
(45,139.9777777777778)
(83,149.21686746987953)
(173,135.5549132947977)
(183,134.43169398907105)
(9,146.11111111111111)
(49,138.81632653061226)
(109,143.44036697247705)
(43,140.86046511627907)
(167,136.7245508982036)
(159,137.67295597484278)
(61,148.4262295081967)
(115,144.2173913043478)
(187,134.97860962566844)
(15,124.26666666666667)
(47,140.0)
(97,147.6701030927835)
(95,147.85263157894738)
(207,133.28019323671498)
(117,145.02564102564102)
(73,147.86301369863014)
(27,127.88888888888889)
(181,135.47513812154696)
(141,141.95035460992906)
(143,141.5874125874126)
(163,137.14110429447854)
(7,129.0)
(155,138.85806451612902)
(147,140.77551020408163)