(34,133.66666666666666)
(4,133.32367149758454)
(150,133.07246376811594)
(180,133.67149758454107)
(134,133.12077294685992)
(130,133.55555555555554)
(66,133.38647342995168)
(80,133.3719806763285)
(138,133.43478260869566)
(170,133.46376811594203)
(104,134.61463414634147)
(14,133.34782608695653)
(24,133.45410628019323)
(152,133.58937198067633)
(146,133.45893719806764)
(140,133.4830917874396)
(202,133.56521739130434)
(204,133.08695652173913)
(74,133.5072463768116)
(90,133.52657004830917)
(18,133.32367149758454)
(12,133.7487922705314)
(38,133.33333333333334)
(20,134.16990291262135)
(94,132.55072463768116)
(162,133.21256038647343)
(192,133.231884057971)
(100,133.3719806763285)
(160,134.10194174757282)
(112,133.5072463768116)
(120,134.08252427184465)
(184,132.9855072463768)
(22,133.47826086956522)
(200,132.82125603864733)
(166,133.47342995169083)
(46,133.31400966183574)
(142,133.44444444444446)
(194,133.1497584541063)
(62,133.6086956521739)
(172,133.3913043478261)
(126,133.40579710144928)
(118,134.0728155339806)
(40,133.2415458937198)
(186,133.30434782608697)
(6,133.31884057971016)
(190,135.48275862068965)
(86,133.4975845410628)
(58,133.01932367149757)
(136,133.42028985507247)
(114,132.68599033816426)
(60,132.7342995169082)
(198,133.024154589372)
(176,133.33816425120773)
(26,133.15458937198068)
(196,133.61352657004832)
(168,133.57971014492753)
(2,132.91304347826087)
(96,133.4830917874396)
(52,132.89371980676327)
(16,133.44444444444446)
(82,132.84541062801932)
(156,133.55555555555554)
(158,133.6086956521739)
(28,133.58937198067633)
(54,133.40096618357487)
(98,133.2753623188406)
(30,132.56038647342996)
(50,132.84541062801932)
(36,132.39613526570048)
(92,133.16425120772948)
(64,132.9951690821256)
(110,133.54589371980677)
(188,132.6183574879227)
(154,133.67632850241546)
(106,133.05314009661836)
(132,133.1014492753623)
(72,132.92270531400968)
(70,134.10194174757282)
(108,133.3574879227053)
(78,133.06280193236714)
(144,133.09178743961354)
(178,133.5169082125604)
(10,133.256038647343)
(148,133.32850241545893)
(84,133.18357487922705)
(122,133.2463768115942)
(56,133.36231884057972)
(76,132.8502415458937)
(182,135.48768472906403)
(116,133.04830917874395)
(48,133.3913043478261)
(128,133.59903381642513)
(32,133.42995169082127)
(0,133.45410628019323)
(42,132.48792270531402)
(102,133.1256038647343)
(124,133.36231884057972)
(164,132.96135265700482)
(206,134.126213592233)
(8,132.68115942028984)
(174,132.68115942028984)
(44,133.22705314009661)
(88,133.52173913043478)
(68,132.70531400966183)
(19,133.1400966183575)
(151,133.31884057971016)
(39,133.30434782608697)
(101,134.2621359223301)
(129,133.0096618357488)
(71,133.4830917874396)
(153,133.6183574879227)
(193,133.29951690821255)
(105,132.96135265700482)
(125,133.15942028985506)
(171,133.57971014492753)
(65,133.59420289855072)
(157,133.65217391304347)
(11,133.70048309178745)
(35,132.93719806763286)
(111,133.28502415458937)
(175,135.04901960784315)
(37,133.69565217391303)
(185,133.28502415458937)
(195,138.77948717948718)
(201,133.42512077294685)
(1,133.4830917874396)
(89,133.51207729468598)
(63,132.80676328502415)
(17,133.03864734299518)
(203,133.16908212560386)
(103,133.30434782608697)
(199,133.65700483091788)
(99,133.77294685990339)
(145,133.30917874396135)
(41,133.33333333333334)
(21,132.7246376811594)
(139,132.5169082125604)
(77,133.38647342995168)
(169,133.39613526570048)
(53,133.2173913043478)
(25,133.32850241545893)
(131,133.66183574879227)
(59,132.98067632850243)
(93,133.41545893719805)
(33,133.71497584541063)
(113,133.02898550724638)
(23,133.2173913043478)
(67,132.95169082125605)
(69,133.231884057971)
(3,133.10628019323673)
(135,133.42512077294685)
(85,133.1256038647343)
(165,133.34299516908212)
(123,134.10194174757282)
(91,133.42028985507247)
(31,132.81642512077295)
(87,132.88888888888889)
(197,134.19417475728156)
(5,133.56521739130434)
(177,133.1304347826087)
(13,133.34782608695653)
(119,133.16908212560386)
(189,133.4830917874396)
(137,132.87922705314008)
(81,132.7487922705314)
(55,132.53140096618358)
(29,132.79227053140096)
(79,132.95169082125605)
(121,132.78743961352657)
(107,133.69082125603865)
(127,133.56521739130434)
(191,135.49261083743843)
(161,133.33816425120773)
(179,133.5072463768116)
(57,132.69565217391303)
(51,133.11111111111111)
(149,133.48792270531402)
(75,134.2378640776699)
(133,133.2608695652174)
(205,133.11111111111111)
(45,133.19323671497585)
(83,133.3574879227053)
(173,132.79227053140096)
(183,133.06280193236714)
(9,133.54106280193236)
(49,133.5169082125604)
(109,132.95169082125605)
(43,133.46859903381642)
(167,133.19806763285024)
(159,133.36231884057972)
(61,133.40579710144928)
(115,132.96618357487924)
(187,133.46859903381642)
(15,133.56521739130434)
(47,133.40096618357487)
(97,133.59903381642513)
(95,133.03864734299518)
(207,133.28019323671498)
(117,133.46859903381642)
(73,133.20289855072463)
(27,133.03864734299518)
(181,133.768115942029)
(141,133.29951690821255)
(143,134.2378640776699)
(163,134.49756097560976)
(7,133.19323671497585)
(155,133.1400966183575)
(147,133.36231884057972)
